# Created by Octave 3.2.4, Thu Oct 30 21:51:17 2014 CET <nratliff@ubuntu>
# name: D
# type: matrix
# rows: 100
# columns: 2
 -0.4120903076054649 -0.04330504817374704
 -0.07682663902298799 -0.581517684283882
 -0.02063566064552399 -0.0006851969240892927
 -0.3007420070964188 -0.1631955281361884
 -0.5914188072780366 -1.019326533436773
 -0.4485541620592483 -0.01440880580864045
 0.7545134524759929 0.4727586305078635
 0.08133986795114966 -0.1587556066300317
 0.7587353630353637 0.7005695206092253
 0.2961761326300839 0.4846688767345507
 -0.4855768439414672 -0.6243170177591055
 -1.215935756820633 -1.325772860604583
 -0.8982414322847945 -0.761971134437974
 0.8080419834691912 0.8207030204034236
 0.9086958317740843 1.15887689940906
 0.8010614837146008 1.043024796285368
 0.3703284890723892 -0.002599243810066017
 -0.6746042366588061 -0.3384968351731877
 0.3014754823543045 0.3128231034407638
 0.1565273831448047 0.01288129740169626
 0.1410464825796772 0.05996417385364833
 0.08799385364158747 0.179984313447767
 -0.7121001616668788 -0.744167370286712
 -0.3142743502760914 -0.3038004108183139
 0.7707263789129229 0.7950692976946041
 -0.5724518623589741 -0.423002035425848
 0.3925704102679899 0.08207049200008877
 -1.627029231094222 -1.82469132873138
 0.4587434894610959 0.6310250676262301
 0.2989782468984632 0.5442501899333021
 0.9130057218972211 1.403127652746462
 0.8377611425630924 0.8600657167054561
 -1.089618752307143 -1.278395216385255
 -0.5148356999170641 -0.6150627564325817
 -0.04915462906296341 -0.2030466926068573
 1.84201211975064 1.721447436631573
 -0.1890014737697208 -0.2246059474415922
 -0.1115227780070763 -0.1989880633345499
 -1.175430410068685 -1.052639507216919
 0.6311506949301051 0.4850532281005127
 0.3059696942454487 0.5062267587090229
 -0.4884773921339041 -0.1618662531667407
 -0.2116322720845592 -0.07017626866310959
 0.7687019836621061 0.9313310955006308
 0.9514052049283221 1.014366158794201
 1.562285590465318 1.457019234080719
 -0.5404367395392942 -0.3967952509313044
 -0.1321033177875277 -0.2795422141311503
 0.5028014777139508 0.3403153727331356
 0.3129353544375871 0.2989692910626977
 -0.156131657481972 0.02534825995562659
 -0.9411644157127026 -0.641666244438536
 -0.4041724364369976 -0.0727979875940049
 0.8096828769813876 0.4578348686873881
 0.06044639637313613 -0.2607190727034303
 1.592955147783162 1.240745105433432
 1.658739752095166 1.599309918743341
 -0.6999779526959451 -0.5408675597973566
 -1.497004428898766 -1.643120016933745
 0.1226617857703317 0.2583399595516803
 0.1057689682201481 0.07316312038362031
 0.2632588858714786 0.2169941706589582
 -0.162513639419209 -0.3465692626811053
 0.3683258313018077 0.604421181844312
 0.5563556187663565 0.4304578053527461
 0.7742439061749159 0.4470722465101176
 0.6414986865961364 0.2359134626113336
 -0.4867532159017058 -1.001903769616607
 -1.197704558655122 -1.036879356923951
 -0.2863599696185563 -0.1756534656409414
 -1.378121620696004 -1.500111411290193
 -0.3597913256923214 -0.3312954902268478
 -0.4149199515561521 -0.7956798266960018
 -0.199206903541157 0.3333884731405773
 0.1017327490142841 0.09156263107965437
 -0.1276183597726989 -0.3631289900718604
 0.3746818293054758 -0.1470986099073738
 -0.27408497950918 0.009942066417760775
 -0.3163901194760734 -0.6335049905932292
 1.035986148932855 0.5535368474419451
 -0.8112860794208429 -1.253366087313696
 -1.127432892589837 -1.120404347719955
 0.2479253941177952 0.4603110049495691
 -0.4680330520692247 -0.05557320766667825
 0.5767372368832815 0.6613989132038171
 -0.4295483287053141 -0.4491585275102928
 -1.405900067061139 -1.18311632887435
 -0.1703001064735256 -0.1449471200482807
 1.017548627259821 1.090586108504148
 -0.08465696098696776 -0.08566143673744005
 -0.245989038391595 -0.2403229469660309
 0.2727246860565004 0.4792306173800042
 -0.1065668997671703 0.2491772995643144
 0.7019065873867573 0.7835599338024001
 0.5163372433304758 0.5253097900436284
 -0.1739719124347816 -0.1578909279498517
 -1.022304392755487 -0.5684038415730545
 -0.7652667956839606 -0.4930791650397691
 0.9010655439492207 0.9113947429598772
 -0.1497002332560952 -0.001539349367088235
